0.000000 0.000000 0.000000 0.000000 0.000000 0.000000 0.000000 0.000000 0.000000 0.000000
0.070622 0.070946 0.018966 0.021212 -0.021580 0.058782 0.069484 0.108684 -0.007003 0.039689
0.075820 -0.000706 -0.121314 -0.023545 0.011405 0.096238 0.056835 0.104049 0.010211 0.009153
0.085159 0.013089 -0.042651 -0.010052 0.031182 0.086190 0.040432 0.055332 0.011706 -0.044265
0.093846 -0.054157 -0.051386 -0.028871 -0.034622 0.074755 0.076516 0.077241 0.002451 -0.036539
0.085779 -0.016674 -0.077805 -0.017925 0.002635 0.075622 0.054949 0.075254 0.045463 -0.030676
0.088665 -0.013871 -0.044066 -0.019318 -0.001766 0.101343 0.051859 0.063197 0.051065 0.022433
0.082802 -0.011860 -0.070152 -0.005075 -0.011041 0.091191 0.069414 0.031213 0.046630 -0.027949
0.093722 0.000360 -0.022804 0.005639 -0.013541 0.066793 0.119345 0.060842 0.051796 -0.022610
0.073297 0.007948 -0.090009 -0.035720 0.008008 0.078775 0.020818 0.093806 0.041002 -0.030788
0.097436 -0.040604 -0.025716 -0.014159 -0.020582 0.104019 -0.007529 0.070753 0.066240 -0.082554
0.086474 -0.041901 -0.067808 -0.031617 -0.002896 0.044022 0.058071 0.128755 0.045460 -0.013552
0.110836 -0.067930 0.004988 0.038187 -0.023987 0.088867 0.194284 0.074107 0.058954 -0.014234
0.076653 0.011239 -0.049769 -0.010316 0.012737 0.077604 0.054649 0.060308 -0.001283 0.071343
0.068750 -0.025926 -0.115609 -0.025685 0.006448 0.084611 0.044277 0.054207 0.011017 0.023135
0.083198 0.005473 0.003153 -0.007548 -0.031245 0.063235 -0.028006 0.048808 0.015236 0.054480
0.020485 0.274066 -0.160033 0.012248 0.011823 0.066352 0.068446 0.040508 0.022190 0.071943
0.096869 -0.043951 0.005070 0.002500 -0.013803 0.079933 0.045565 0.060145 0.015873 0.016454
0.048933 0.216432 -0.079972 0.017234 -0.016338 0.043063 0.083642 0.110002 0.072880 0.045551
0.085775 0.011561 -0.069562 0.006590 -0.027231 0.078336 0.017964 0.049951 0.075094 -0.047071
0.072607 0.001490 -0.068198 -0.038136 0.009817 0.084667 0.052059 0.020374 -0.026674 -0.017908
0.078734 -0.017764 -0.065467 -0.028008 -0.015739 0.058327 0.036012 0.006646 0.009212 -0.037962
0.098837 -0.019407 -0.049877 0.031041 -0.105451 0.115251 0.024185 0.026381 0.081281 -0.037154
0.092356 0.014943 -0.022733 -0.011148 -0.022411 0.084586 -0.075701 0.036146 0.082516 -0.121122
0.082951 0.012176 0.041374 -0.033460 -0.016864 0.091837 -0.074507 0.055415 0.029089 0.010892
0.060408 0.020734 -0.088447 -0.035400 0.035814 0.059464 0.037952 0.023517 0.037677 0.017454
0.074537 0.043443 -0.027543 0.029699 0.026496 0.093111 0.092605 -0.052168 0.005366 -0.001163
0.075199 0.015389 -0.027824 -0.019667 0.007119 0.079112 0.006561 -0.005482 0.015443 0.043513
0.090469 -0.107748 -0.029053 -0.016109 0.018041 0.059142 0.036303 0.017052 -0.011061 0.038321
0.072733 -0.062584 -0.050285 -0.027810 0.003369 0.028811 0.029233 0.089148 0.019762 0.038262
0.070294 -0.023285 -0.068684 -0.024938 0.016902 0.064850 0.027783 0.038146 0.036880 0.019018
0.076873 -0.014372 -0.061189 -0.015814 -0.006981 0.037089 0.039696 0.021075 0.074554 -0.066334
0.072096 0.029747 -0.042573 0.000836 -0.024434 0.063141 0.009114 0.026093 0.068924 0.001932
0.065340 0.025167 -0.028914 -0.015206 -0.023707 0.098220 -0.044050 -0.026733 -0.023055 0.007596
0.060009 0.065279 -0.049076 -0.014269 -0.021377 0.047470 0.013416 0.005238 0.025588 0.013038
0.068956 0.007988 -0.026205 -0.013270 0.006571 0.065291 -0.013034 -0.003307 -0.002777 0.033079
0.076749 0.077176 0.051002 0.062559 0.060504 0.091324 0.054940 -0.056311 -0.112838 0.107552
0.065953 -0.009117 -0.045818 -0.020420 0.021314 0.065628 -0.007582 0.004441 -0.041840 0.046827
0.069003 -0.011998 -0.032353 -0.026966 0.004691 0.027477 0.017801 0.032939 0.016361 0.023176
0.062592 0.006003 -0.058813 -0.042621 -0.003875 0.040416 -0.012716 0.020683 0.038243 0.013052
0.074263 0.005629 -0.002841 -0.001239 0.015584 0.059342 0.036209 -0.007703 -0.004005 -0.001815
0.068041 0.017516 -0.016774 -0.018118 -0.015702 0.067890 -0.026293 0.006892 0.020671 -0.005052
0.061974 0.019760 -0.049966 -0.009559 0.032999 0.034718 -0.050105 -0.008441 -0.003876 -0.019928
0.063486 0.049449 -0.031148 -0.020403 -0.024567 0.015884 0.002377 -0.037824 0.056511 -0.031762
0.081272 0.072938 0.046906 0.015369 -0.038458 0.051360 -0.057070 0.004527 0.051734 -0.023894
0.064724 -0.018862 -0.090221 -0.011095 -0.001742 0.049963 0.054278 -0.050233 0.026089 -0.010010
0.052169 -0.026807 -0.110945 -0.031280 0.043217 0.053292 0.034863 -0.041532 -0.050101 0.027275
0.070846 0.010892 -0.017677 0.006444 0.020183 0.119411 -0.079047 -0.049722 0.069244 -0.038877
0.079436 -0.070930 -0.013196 -0.033076 0.038054 0.021048 -0.016187 0.022390 0.021541 -0.059255
0.092342 -0.051204 0.052371 0.023094 -0.009766 0.009575 0.098008 0.017705 0.018266 -0.041833
0.045791 0.036700 -0.048583 -0.057819 0.041468 0.005312 -0.059778 0.036286 -0.010001 0.058497
0.057924 0.040476 -0.036675 -0.012692 0.057404 0.084426 -0.047505 -0.116384 -0.054975 0.025088
0.086656 0.036347 0.053673 0.015258 -0.010846 0.017156 -0.015443 -0.018432 0.057878 -0.036632
0.055505 0.018024 -0.036347 -0.008725 0.049258 0.071131 -0.021909 -0.104635 -0.063881 0.023846
0.069487 0.004727 -0.018804 -0.035605 -0.015956 -0.012471 0.000390 0.027706 0.017422 -0.004065
0.079608 -0.058711 -0.007839 -0.013382 -0.001238 0.030093 -0.015014 -0.011055 0.009853 0.007223
0.065785 -0.011460 -0.009107 -0.002789 0.049411 0.013061 0.013831 -0.020157 -0.066007 -0.006410
0.071744 -0.007159 -0.024614 0.008863 -0.014409 0.045853 0.012009 0.011824 -0.043089 0.005442
0.078250 -0.000261 0.011625 0.016759 0.005965 0.061726 0.009994 -0.028529 0.058242 0.052459
0.076493 -0.029016 -0.009125 0.005980 -0.012804 0.036943 0.011961 -0.028168 0.019175 -0.051827
0.060213 0.005396 -0.041541 -0.011723 0.008967 0.069087 -0.024500 -0.089176 0.004151 -0.013913
0.043074 0.063772 -0.075365 -0.021098 -0.039148 0.030239 -0.017847 -0.032552 -0.015682 0.075785
0.054291 0.073011 0.012900 -0.021623 0.036807 0.029335 -0.001476 -0.004106 -0.046389 0.110765
0.078232 -0.077490 0.020363 -0.001952 0.039028 0.028601 -0.006780 -0.050209 -0.022089 -0.007920
0.052952 -0.014692 -0.067753 -0.048250 0.033345 0.049982 -0.085243 -0.047098 -0.002320 -0.041057
0.063788 0.000083 -0.021195 -0.016165 0.015456 0.013217 -0.005656 -0.011580 0.001692 0.015363
0.067920 0.005212 -0.007211 -0.026489 0.026221 0.007182 -0.007773 -0.022297 -0.008626 -0.024638
0.062083 0.014191 -0.011195 -0.002611 0.026346 0.018123 -0.022960 -0.049312 -0.046471 0.019110
0.060506 -0.008550 -0.028700 -0.004401 0.008191 0.023663 -0.045718 -0.010889 -0.003864 0.016530
0.049162 0.050753 -0.046163 -0.034085 -0.019317 0.008537 -0.024013 -0.007600 0.051065 0.007867
0.050404 0.012028 -0.037545 -0.024532 0.003499 0.016049 0.000243 0.005587 -0.017783 -0.012936
0.088648 -0.009270 0.126313 0.019363 -0.039917 0.016349 0.067921 0.095218 0.014054 0.014308
0.050195 0.032327 -0.020325 -0.033069 0.014760 0.028652 -0.067846 -0.020385 -0.041482 0.025486
0.071532 0.048007 0.112138 0.003473 -0.011990 0.019216 -0.077997 0.058991 -0.015753 0.009786
0.062937 -0.010301 -0.009550 -0.002285 -0.007408 0.035227 -0.011386 -0.002476 -0.025992 0.039592
0.060965 0.012670 -0.007567 -0.000029 0.025694 0.023717 0.045855 -0.000518 -0.036164 0.076041
0.076720 -0.029513 0.029428 0.002049 0.004536 -0.000903 0.003412 0.015873 0.007064 0.021546
0.088694 -0.062245 0.099960 0.023258 -0.005635 0.037659 0.016828 0.025913 -0.021438 0.030279
0.060666 -0.001938 -0.024978 -0.017935 -0.059940 0.030840 -0.033393 -0.006036 -0.024366 0.004509
0.036529 0.044466 -0.059076 -0.036174 -0.001312 0.032961 -0.076847 -0.015013 -0.051939 0.067386
0.056854 0.014085 0.011994 -0.012814 0.007172 0.002417 -0.013271 0.024444 -0.027675 0.010431
0.050947 0.040762 0.004818 -0.009468 0.000891 0.002086 -0.062195 0.023546 -0.027775 0.017719
0.083845 -0.017910 0.109111 0.072663 -0.023873 0.070767 0.050669 -0.002868 -0.020664 0.079387
0.060458 0.007427 -0.020305 0.005095 0.004701 0.053720 -0.014529 0.032993 -0.100054 0.145492
0.065802 -0.011750 0.036741 -0.002754 -0.007905 -0.030539 0.058339 0.090017 0.020761 0.005525
0.049261 0.044329 -0.004584 -0.015243 0.037669 0.029121 -0.009680 0.023765 -0.034609 0.060639
0.060943 -0.005539 -0.005031 0.004493 0.014113 0.028224 -0.031820 0.011739 0.035411 0.006822
0.115714 -0.058528 -0.042688 0.168605 -0.060764 -0.105361 -0.024596 -0.157195 0.344653 0.474009
0.025833 0.055878 0.031035 -0.088123 0.096279 0.031152 0.013867 0.011852 -0.167192 -0.039831
0.045920 0.084015 0.018561 0.032180 0.066758 0.060231 0.011078 -0.039800 -0.036471 -0.045803
0.039130 0.045436 -0.041768 -0.047768 0.034337 -0.018421 -0.037065 0.045423 0.045369 0.035186
0.043866 0.029920 -0.013328 -0.032397 0.055603 0.022990 -0.087074 -0.047685 -0.047716 0.004550
0.074319 0.001757 0.060750 -0.013566 -0.035362 -0.015762 -0.021092 0.046564 0.046867 -0.038857
0.067462 -0.029247 0.021077 -0.010666 -0.011650 0.015021 -0.043864 -0.012406 -0.018652 -0.029398
0.080701 -0.128511 0.024861 -0.042073 0.014348 -0.025096 0.063064 0.037763 -0.034035 0.033557
0.065294 -0.037212 0.004426 -0.018159 -0.026999 0.031332 -0.003232 -0.062272 -0.012699 -0.007271
0.055838 0.017649 0.023547 -0.026644 -0.012337 -0.014256 -0.051737 0.025716 0.009110 0.029799
0.059448 -0.017851 -0.006757 -0.030678 -0.024748 -0.013836 0.054727 -0.024374 -0.007562 -0.035664
0.061628 -0.027070 0.016457 -0.017177 -0.028048 0.033253 -0.008496 -0.020620 -0.006045 -0.002130
0.032701 0.063847 -0.059352 -0.060262 -0.005162 -0.011273 -0.040553 0.037010 -0.008460 0.014703
0.052199 -0.013027 -0.019297 -0.060935 -0.023307 -0.028415 -0.034910 0.012543 0.006630 -0.021083
0.059747 0.005731 -0.007022 -0.010378 -0.012365 0.031796 -0.042951 -0.009733 -0.036195 0.007478
0.070388 -0.032104 0.041136 -0.000178 -0.016854 -0.003469 -0.014689 -0.007869 -0.009251 0.003703
0.040416 0.063227 -0.021421 -0.016167 -0.010510 -0.000642 -0.002602 0.009819 0.024893 0.011430
0.062598 -0.023802 0.042401 -0.010731 0.014256 0.026352 -0.029523 -0.018252 0.000506 0.021627
0.055065 0.013882 0.020489 -0.014406 0.007384 0.002073 -0.013204 0.003508 -0.028547 0.030066
0.042655 0.086334 0.011746 -0.009914 -0.006919 -0.019272 -0.007647 0.071141 -0.005286 0.009608
0.047726 0.017876 -0.026710 -0.014697 0.011204 0.026555 -0.006325 -0.093937 -0.029181 0.021507
0.043435 0.039439 -0.026305 -0.021177 0.007830 -0.027010 0.013046 -0.028070 -0.040626 0.057923
0.046437 0.025757 -0.038627 0.001463 -0.000103 0.029281 -0.030200 -0.069005 -0.007239 -0.009910
0.051275 -0.011689 -0.004540 -0.025535 0.006151 -0.001534 -0.060334 -0.042485 -0.002787 0.001613
0.054457 -0.002147 -0.005254 0.013377 -0.001667 0.013315 -0.012080 -0.059793 -0.007295 -0.013508
0.081419 -0.111465 0.088556 -0.003143 0.002444 -0.030738 -0.009467 0.028545 -0.073604 0.016360
0.054943 0.016970 0.032196 0.017817 0.003208 0.012942 0.008110 -0.016942 -0.051993 0.015759
0.068258 0.026394 0.085133 0.051116 -0.002130 0.048473 0.055637 -0.069886 -0.070133 0.034690
0.052024 -0.017252 -0.027372 -0.030302 -0.032155 -0.038873 -0.037749 0.041500 0.015069 0.002511
0.053152 0.008471 0.029124 -0.013477 -0.013722 -0.029524 -0.012809 0.042257 -0.008400 0.041422
0.047004 0.031545 -0.039876 -0.001108 -0.007120 0.002707 0.008177 -0.047713 0.030245 -0.018153
0.054336 -0.011615 -0.000281 -0.034118 -0.046049 -0.018329 -0.034786 0.051192 0.021391 -0.005699
0.045859 -0.003470 0.004623 -0.025171 0.013910 -0.011094 -0.008667 0.010388 -0.058551 -0.007346
0.064789 0.019740 0.019582 0.040423 -0.017432 0.069045 0.062055 -0.046947 -0.042961 0.019528
0.046981 0.013307 -0.006476 -0.011718 0.014676 0.028917 -0.063422 -0.031081 0.005694 -0.013630
0.056446 0.005156 0.017383 -0.010000 0.002498 0.009773 -0.031497 -0.001159 -0.024982 -0.001125
0.042694 0.010907 0.001731 -0.022191 0.025764 -0.004328 -0.031386 -0.008055 -0.077207 0.045474
0.050928 -0.010577 -0.045554 -0.042719 0.039339 -0.069836 0.013173 0.079950 -0.003721 0.001304
0.045519 0.075542 0.017490 0.004621 0.040298 0.000555 -0.031609 -0.003864 -0.007827 0.018756
0.043306 0.018573 -0.005743 -0.029212 0.008482 -0.017719 -0.043642 -0.015582 -0.012245 0.045550
0.044688 0.008603 -0.030784 -0.024350 0.025730 -0.028664 -0.028873 -0.013854 -0.018542 0.016624
0.052478 -0.014493 -0.008490 -0.026734 -0.023527 -0.017803 -0.058085 -0.003705 0.017605 -0.015619
0.047799 0.008043 0.012714 -0.021176 0.010813 0.004980 -0.042178 -0.002944 -0.013032 -0.005753
0.048101 0.057050 0.033862 0.015110 -0.009487 0.019125 -0.053244 -0.003255 0.012902 -0.018166
0.052544 -0.058929 -0.030203 -0.004581 0.035720 -0.029559 0.106943 -0.015918 -0.082671 0.033752
0.070783 0.047483 0.147401 0.027679 -0.067615 0.046298 -0.114096 0.000652 0.036177 -0.060761
0.062752 0.044930 0.074075 0.022587 -0.020213 0.006127 -0.019036 -0.007194 0.046574 -0.060928
0.045348 0.032328 -0.011497 0.016250 0.032405 0.007290 -0.029544 -0.055513 -0.043018 0.015317
0.042011 -0.038312 -0.012866 -0.012428 0.081802 -0.058593 -0.007150 -0.038909 -0.029974 -0.002479
0.043752 0.017111 -0.057740 -0.039543 0.008899 -0.052517 -0.078549 -0.015345 -0.012638 0.091882
0.040195 0.053917 -0.009552 0.003410 0.017713 -0.009517 -0.024172 -0.003491 -0.014990 0.070252
0.053133 0.019037 0.023362 0.014163 0.011012 -0.000954 0.020875 -0.024726 -0.001033 -0.007327
0.043135 0.012184 -0.001222 -0.035277 0.008119 -0.039195 -0.016776 0.035112 0.023402 -0.014183
0.042204 0.023463 0.011057 -0.000377 0.001955 -0.006997 -0.064810 0.011605 0.008467 0.000923
0.047186 0.025251 -0.003416 0.008353 -0.020627 -0.005696 0.004088 -0.020545 -0.050246 0.048883
0.051633 -0.060220 -0.059595 0.016687 0.033572 -0.005190 0.111209 -0.075623 -0.093696 0.004291
0.045170 -0.027902 -0.052212 -0.027567 0.003249 -0.055574 0.019618 -0.009889 -0.024487 0.004123
0.040234 0.059993 0.020268 0.000562 0.014358 0.049400 -0.111042 -0.072806 0.000245 -0.038312
0.054953 -0.026591 0.003921 0.020695 0.016028 0.004319 0.050408 -0.079976 -0.040953 0.072337
0.039760 -0.027476 -0.022880 -0.024319 0.025410 -0.035377 -0.072100 -0.025846 0.010901 0.007592
0.062243 -0.089902 0.026103 -0.013651 0.012928 -0.008594 -0.037373 -0.048733 -0.062834 0.016446
0.056764 0.043896 0.045997 0.045637 -0.047660 0.013604 -0.002817 -0.037337 0.023515 -0.022027
0.046930 0.029486 0.034391 0.000980 -0.014455 -0.024960 0.031083 0.035558 -0.013390 0.026389
0.028613 0.021207 -0.027732 -0.045445 0.021545 -0.002150 -0.059599 -0.015099 -0.054697 0.016658
0.035497 0.033495 -0.005539 -0.020658 0.070842 -0.011832 -0.003701 -0.034818 -0.090044 -0.024958
0.059896 0.031771 0.085996 0.004269 -0.050417 -0.023337 -0.020629 0.059293 0.032667 -0.008988
0.051169 0.000866 0.003520 -0.003304 -0.010676 -0.019841 0.001925 -0.016089 -0.005682 -0.003286
0.058592 0.029539 0.082049 0.014039 -0.002833 -0.007976 -0.053553 0.049019 0.014771 -0.034513
0.051596 0.014426 0.060813 -0.016742 0.004486 -0.012945 -0.051143 0.002493 -0.019540 -0.033912
0.047766 -0.025913 -0.019616 -0.021695 -0.029603 -0.011292 -0.043764 -0.024725 0.063180 -0.026510
0.045787 -0.049119 0.010511 -0.057337 -0.009421 -0.056151 -0.022718 0.023284 0.013775 0.005967
0.032953 0.056557 0.026933 -0.017719 0.021785 -0.073332 -0.002942 0.016278 -0.004074 0.037418
0.031609 -0.005307 -0.069589 -0.050732 -0.031421 -0.033049 -0.058857 -0.012076 0.010040 0.004909
0.039753 0.010232 -0.001551 -0.028417 0.025965 -0.042985 -0.009881 -0.005342 -0.014557 0.034543
0.037351 0.079641 -0.030526 -0.007580 -0.018247 -0.041316 -0.005856 0.008528 0.077171 -0.025549
0.058162 0.006027 0.044562 0.011266 -0.039998 -0.048673 -0.002423 0.019696 0.030949 -0.071616
0.044377 0.011699 0.009751 -0.002542 0.005147 -0.003965 0.003280 -0.024933 -0.012573 -0.001344
0.083112 -0.024337 0.149120 0.055578 -0.041419 0.060829 -0.047243 -0.005882 0.045023 -0.074093
0.053056 -0.048430 0.029429 0.011819 0.024863 0.040016 -0.005298 -0.041663 -0.049908 -0.030446
0.055796 0.022960 0.105724 0.008969 -0.009373 0.012149 -0.074720 0.000278 -0.004873 -0.001201
0.023324 0.021130 -0.056273 -0.054869 0.044091 -0.039294 -0.036274 -0.002412 -0.009981 0.032219
0.052411 0.011225 0.061352 0.024996 0.017559 -0.019692 -0.018398 -0.013421 -0.033787 0.081796
0.042470 -0.000714 0.014379 -0.036403 -0.001878 -0.045058 -0.010956 -0.009655 0.011733 0.025033
0.036513 0.029294 0.025400 -0.019496 0.045483 -0.028825 0.022535 -0.033842 -0.032336 -0.014660
0.026042 0.041442 -0.066026 -0.027502 0.004651 -0.045809 -0.021785 -0.020904 0.048862 -0.020339
0.037881 -0.007023 -0.035725 -0.019700 0.014345 0.004992 0.001491 -0.071409 -0.018662 -0.007648
0.045884 0.078191 0.041335 -0.007400 -0.048341 -0.029182 0.007265 0.050440 0.028452 -0.019085
0.044208 -0.045072 -0.040296 -0.050448 0.000642 -0.042271 0.025252 0.026601 -0.059561 -0.014994
0.067469 -0.054385 0.062212 -0.007982 -0.065045 0.018270 -0.065057 -0.013761 0.032296 -0.071287
0.033025 0.091336 0.016312 -0.011041 -0.011619 0.008672 -0.023443 -0.019431 0.001666 -0.049945
0.026598 -0.003238 -0.038612 -0.066286 0.058754 -0.084105 -0.004892 0.045655 -0.093459 0.009662
0.053739 0.020075 0.090292 -0.009975 -0.005837 -0.044225 -0.002451 0.043617 0.033652 0.016255
0.030756 -0.003745 0.004656 -0.042030 0.019961 -0.014407 -0.073144 0.025620 -0.067137 0.048286
0.039245 0.016541 0.014227 -0.010428 -0.011235 -0.020296 0.011981 -0.010895 -0.034699 0.045465
0.021581 0.038248 -0.116277 -0.026252 0.004101 -0.016528 0.020718 -0.087335 -0.014174 -0.030690
0.019781 0.105557 0.006961 -0.012717 0.024039 -0.009064 -0.006693 -0.000215 -0.065474 0.055231
0.046181 -0.003109 0.016210 -0.022903 -0.011614 -0.010725 -0.045013 0.018288 0.021666 0.002607
0.071748 -0.213120 0.018942 -0.070212 -0.011104 -0.030233 -0.103276 0.000270 -0.031061 -0.043416
0.032583 0.091511 -0.007803 -0.008815 -0.008598 -0.006102 -0.109407 0.000063 0.022840 -0.050111
0.053309 0.007352 0.085038 0.009367 -0.021827 0.012360 -0.055683 0.012599 -0.035223 -0.032110
0.065058 0.005551 0.138457 0.037518 -0.025613 0.032304 -0.056634 -0.023614 -0.032334 -0.019329
0.041289 -0.055662 -0.016201 -0.034113 0.002949 -0.045775 -0.011781 0.041143 -0.047483 0.023520
0.031897 0.045411 0.034279 -0.001725 0.021313 -0.002712 -0.032919 -0.017101 -0.027248 0.013370
0.050954 0.003955 0.042617 -0.008463 -0.006298 -0.032635 -0.013978 -0.000604 0.038177 0.037683
0.028689 0.029983 -0.001322 -0.018999 0.044734 -0.018793 -0.026087 0.010631 -0.084820 -0.001037
0.045535 0.085639 0.050849 0.050325 -0.001645 -0.008384 0.093375 -0.021491 -0.011410 -0.002115
0.034429 0.023140 -0.005595 -0.029017 -0.021414 0.007339 -0.161602 -0.007152 0.030141 -0.037190
0.038782 -0.025944 -0.039397 -0.037004 0.007931 -0.014294 -0.010809 0.000444 -0.006691 0.042543
0.036233 0.026162 -0.002125 -0.015829 -0.020446 0.001387 -0.029458 0.015940 -0.004421 0.031571
0.033561 0.012987 -0.065299 -0.019992 -0.070251 -0.000617 -0.031485 0.035519 -0.007886 -0.033599
0.014786 -0.065707 -0.169116 -0.089003 0.036752 -0.113275 0.087363 0.047852 -0.034310 0.052528
0.040244 -0.043583 -0.017627 -0.034474 0.002787 -0.050380 0.073992 0.006352 -0.074487 0.014988
0.028521 -0.021759 -0.051939 -0.041617 0.021182 -0.079082 0.043890 0.067593 -0.048461 0.054267
0.053731 0.068685 0.134140 0.037924 -0.031241 -0.006012 0.013253 0.038831 0.007575 0.002410
0.057544 -0.012272 0.026887 0.032393 0.061435 -0.064158 -0.004717 -0.066389 0.043246 0.108419
0.038608 -0.001464 0.014022 -0.048850 -0.000993 -0.015276 0.024819 0.000658 -0.011842 -0.005627
0.034240 0.005239 0.006977 -0.029586 0.008649 -0.055847 0.012148 0.032134 -0.023787 -0.012229
0.017536 0.104253 -0.055359 -0.013325 0.013872 -0.038511 0.021650 0.010804 0.000807 -0.035312
0.037100 0.027261 -0.020173 -0.018488 0.011012 -0.039583 -0.005621 0.013178 0.016365 -0.037159
0.059746 -0.009095 0.052793 0.032424 -0.003362 0.011614 0.059839 -0.013049 -0.016588 0.000040
0.054864 -0.074246 0.031688 -0.027744 0.023137 -0.019095 -0.018373 0.008467 -0.020010 -0.015789
0.066876 -0.018102 0.064909 0.031787 -0.016423 -0.039664 0.077858 0.031923 0.025103 -0.022158
0.029614 0.067163 0.022474 -0.023289 0.003823 -0.025165 -0.061345 -0.004861 0.002049 -0.041314
0.041934 -0.024132 0.000488 -0.024477 0.004214 -0.013595 0.031191 -0.031823 -0.038172 0.003237
0.031838 -0.024694 -0.021086 -0.028435 0.017749 -0.034349 0.032330 0.026566 -0.061593 0.000894
0.044102 -0.008384 0.048872 0.015671 0.009061 0.024863 -0.038348 -0.021672 -0.037315 0.026514
0.033439 -0.021972 -0.018901 -0.014129 0.020809 -0.027297 -0.050989 -0.024402 -0.017086 0.015251
0.031970 0.010895 0.014110 -0.031651 0.010840 -0.050947 -0.001477 0.028111 -0.030723 0.047370
0.009841 0.132279 -0.059073 0.016120 -0.006719 -0.032689 0.022422 0.042300 0.019822 0.045259
0.035466 0.052650 0.061496 -0.005358 0.009750 -0.067668 0.007661 0.112047 -0.018545 -0.004543
0.024237 0.036549 -0.026679 -0.038380 0.052688 -0.041658 0.017032 -0.056191 -0.076800 0.009973
0.063347 -0.190179 0.016730 -0.064247 0.000101 -0.051530 -0.022819 -0.011962 -0.063821 0.021128
0.032093 0.051816 0.007627 -0.010611 -0.017806 -0.048487 0.012852 0.030546 -0.002324 0.001397
0.036463 -0.065581 -0.073297 -0.042000 0.018329 -0.063554 0.098850 0.029348 -0.045775 0.016771
0.035354 0.012050 0.004151 0.006939 0.018857 -0.060750 0.115804 0.038735 -0.084511 0.058908
0.047440 0.130023 0.177982 0.067153 0.018177 0.030696 -0.038810 0.009262 -0.048313 -0.005022
0.028218 -0.005382 -0.017186 -0.013564 0.060018 0.022181 -0.056936 -0.049790 -0.053836 0.044436
0.032068 -0.041370 -0.098183 -0.087563 -0.324553 0.011164 -0.167798 0.028383 0.015962 0.037809
0.039805 0.037799 0.054668 -0.044165 0.056578 -0.069818 0.091150 -0.082735 0.063500 0.022421
0.011293 0.109595 -0.005355 -0.006296 0.062421 0.008758 -0.040026 0.011046 -0.063874 0.010711
0.052463 -0.101569 0.020084 -0.034690 0.020949 -0.009480 -0.038256 -0.018112 -0.065844 0.008194
0.030405 0.060086 -0.001128 -0.036389 -0.001818 -0.060689 -0.007841 0.048969 0.064842 -0.028852
0.042609 -0.007280 0.001809 -0.038550 0.012712 -0.039320 -0.007803 -0.032750 0.038063 -0.075673
0.039623 0.075314 0.046362 -0.019697 0.029593 -0.052136 -0.004144 0.007548 0.020714 -0.071454
0.041995 0.051752 0.051143 -0.003504 0.066610 -0.051271 0.093749 -0.021978 -0.018109 0.008949
0.048496 -0.021873 -0.017112 -0.033070 0.017654 -0.046871 0.016674 -0.060076 0.059709 -0.054639
0.017695 0.033597 -0.080430 -0.086438 0.043174 -0.097175 -0.028521 -0.043201 0.017962 -0.003196
0.026728 0.036793 -0.012212 -0.033382 0.050926 -0.032648 0.007179 -0.047400 0.000158 -0.004327
0.034465 0.002413 0.002343 -0.019396 0.099275 -0.010431 -0.004060 -0.117290 -0.059106 -0.015445
0.054441 -0.040030 0.017717 -0.037249 0.021192 -0.080678 0.042966 -0.049681 -0.015788 0.013185
0.041782 0.003259 0.015296 -0.008863 0.013746 -0.012340 -0.011255 -0.065231 0.033600 -0.012125
0.025432 0.181989 0.052897 0.046763 0.035690 -0.001111 0.052200 -0.062131 0.037225 -0.041429
0.035979 0.031509 0.067598 -0.039029 0.060576 -0.031270 -0.057100 -0.063203 -0.015813 -0.012959
0.031748 0.038428 0.036817 -0.031994 0.042440 -0.033843 -0.090606 -0.059457 0.007551 -0.009212
0.044843 0.007809 0.029825 -0.028372 -0.000719 -0.077344 -0.033633 -0.007134 0.056097 -0.103597
0.032304 -0.006206 -0.067959 -0.011392 0.037593 -0.034235 0.058338 -0.085378 0.016176 -0.060551
0.026028 0.007023 -0.094384 -0.022840 0.054194 -0.087873 0.151062 -0.038719 -0.001898 0.009567
0.047391 0.035932 0.054880 0.018478 0.011040 0.032855 -0.098382 -0.127556 0.058061 -0.100639
0.045803 0.042027 0.087537 -0.010821 -0.002426 -0.046505 -0.068211 -0.026707 0.063762 -0.064444
0.046775 0.007606 0.090709 0.003967 0.019487 -0.020328 0.020102 0.026019 0.001325 -0.000056
0.045772 -0.014030 0.013224 -0.026806 0.030036 -0.042728 -0.029179 -0.075882 0.022545 0.011534
0.037021 -0.013484 -0.015545 -0.014770 0.028764 -0.112417 -0.074829 0.001179 -0.000233 0.036397
0.038861 0.005803 0.017324 -0.034616 -0.002541 -0.023200 0.015928 -0.047886 0.051071 -0.031506
0.033093 -0.002167 0.017013 -0.050521 0.039592 -0.036838 -0.025870 -0.053764 -0.008324 0.005224
0.035726 0.007851 0.028555 0.010709 0.045464 -0.065841 0.083126 -0.023123 0.012418 -0.064518
0.040986 -0.015351 0.002698 -0.046056 0.006029 -0.076748 -0.010604 -0.016333 0.036166 -0.043163
0.059310 0.032603 0.074052 0.059498 0.014501 -0.010027 0.053960 -0.096180 -0.003211 -0.043821
0.017976 0.060865 -0.047976 -0.050686 0.021056 -0.044277 -0.069736 -0.022489 0.032300 -0.071164
0.028870 -0.022867 -0.053353 -0.050026 -0.020528 -0.050340 -0.067928 -0.020411 0.010128 -0.011851
0.044559 0.004958 0.006580 -0.001342 0.023716 -0.033503 0.020593 -0.070432 0.048686 -0.063970
0.037683 0.013224 0.030856 -0.025489 0.007665 -0.069380 -0.009780 -0.001365 0.057217 -0.011342
0.041974 -0.041277 0.018284 -0.020356 0.022909 -0.048572 0.015944 -0.033725 -0.033595 -0.007501
0.038416 -0.026906 -0.008112 -0.028867 -0.027630 -0.064632 -0.026049 0.014595 0.026779 -0.005144
0.031743 0.038466 0.019543 -0.027272 0.016296 -0.059954 -0.010621 0.011286 0.003373 -0.048523
0.017208 0.030216 -0.051316 -0.044698 0.004068 -0.029655 -0.019338 -0.029281 -0.016467 -0.027836
0.036651 0.000843 -0.065118 0.058748 0.042872 0.164087 -0.032516 -0.283356 -0.074798 -0.037403
0.027570 0.006680 -0.012942 -0.037931 0.038901 -0.046501 -0.051338 0.001182 -0.012551 -0.018370
0.049348 -0.000289 -0.002431 0.013198 0.012349 -0.030937 0.034062 -0.036045 -0.000778 -0.121979
0.038738 0.030287 0.070862 0.005651 0.049399 -0.049418 0.039690 0.010379 -0.044945 0.024874
0.168591 -0.011660 -0.226796 0.573116 -0.038269 -0.300924 -0.079484 -0.034179 -0.060698 0.053234
-0.039650 0.109902 0.008420 -0.254161 0.047390 0.019534 0.178925 -0.056326 -0.105718 -0.204643
0.007475 0.057910 -0.008159 -0.081458 -0.055503 -0.074337 -0.003584 0.015578 0.243521 0.165753
-0.015990 0.080278 0.070996 -0.140742 0.038812 -0.021143 -0.007178 0.011034 0.046103 0.061070
0.005644 -0.003329 -0.059720 -0.094573 0.072469 -0.036803 -0.033976 -0.080552 -0.025878 0.004638
0.026017 0.001064 0.017579 -0.048201 0.006844 -0.047315 -0.012847 -0.013891 0.023116 0.013441
0.029697 -0.005851 -0.027918 -0.036651 -0.017226 -0.061336 -0.001542 0.010255 0.043162 -0.005018
0.060870 -0.178284 0.081783 -0.062937 0.014890 -0.032222 -0.093726 -0.049584 -0.026200 -0.001453
0.032306 -0.021582 0.008708 -0.046052 0.005412 -0.056730 -0.039399 -0.028009 0.022904 0.003816
0.029750 0.017907 0.029138 -0.026483 0.007859 -0.046779 -0.002157 -0.003797 0.010246 -0.017444
0.030095 0.011122 0.011275 -0.027217 0.021504 -0.056834 0.001583 -0.013448 -0.001519 -0.017113
0.027412 0.012208 -0.020691 -0.013396 0.005920 -0.053641 0.021841 -0.067342 0.045103 -0.010805
0.007710 0.149516 -0.023003 -0.014076 -0.010393 -0.038299 0.032384 -0.067384 0.048902 0.009526
0.037955 -0.032005 0.009279 -0.033240 0.006754 -0.061393 -0.003662 -0.011994 0.017980 -0.011703
0.035326 -0.000166 0.024355 -0.009905 0.012583 -0.036185 0.007900 -0.034366 0.009468 -0.003967
0.027008 0.037657 -0.046794 -0.004588 -0.029535 -0.023249 0.024991 -0.049793 0.018202 -0.020644
0.052104 -0.053845 0.055818 -0.012718 -0.012708 -0.075537 -0.004866 0.035048 0.043427 0.001796
0.017826 0.084384 -0.064091 -0.006536 0.020376 -0.037343 0.008468 -0.006786 0.063768 -0.057581
0.037830 -0.004840 -0.011769 -0.030833 0.002940 -0.085538 0.034177 -0.014373 0.018960 0.024767
0.024961 0.025633 -0.042149 -0.045300 -0.029092 -0.101854 0.027551 0.016413 0.069772 -0.048287
0.030206 0.028199 0.025371 -0.011855 -0.006071 -0.057493 0.026004 -0.030939 0.004765 -0.008683
0.029115 0.018432 -0.019420 -0.029637 -0.011561 -0.024579 -0.074284 -0.032901 0.029169 0.005682
0.034052 -0.005016 0.014428 -0.037167 -0.010599 -0.072114 -0.019471 -0.019243 0.059470 -0.025215
0.038382 -0.034913 -0.027277 -0.031727 -0.004270 -0.085927 -0.007937 -0.008061 0.068538 -0.050303
0.028889 0.014476 0.014618 -0.009985 0.019905 -0.030208 -0.004032 -0.037268 -0.012892 -0.004314
0.035837 -0.006641 0.004541 -0.016419 0.008741 -0.045679 -0.008822 -0.013094 0.020674 -0.004131
0.028134 -0.007244 -0.012964 -0.025791 0.026831 -0.051532 0.015525 0.006585 -0.019824 -0.026836
0.039580 0.013160 0.035607 0.001425 -0.010310 -0.032588 0.051949 -0.042501 0.052265 -0.052762
0.029861 0.030900 0.024880 -0.017448 0.021519 -0.058060 0.026148 -0.031947 0.027864 -0.060308
0.024711 0.028119 0.028118 -0.038001 0.011722 -0.045883 -0.003430 -0.027888 0.014944 -0.003977
0.038317 0.004290 0.035794 0.001773 0.020883 -0.029043 0.038632 -0.026566 0.001723 -0.016954
0.027303 0.080035 0.034500 0.018009 0.027056 -0.022799 0.003319 -0.028433 0.009490 -0.024577
0.039893 0.018181 0.019135 -0.012747 0.001144 -0.046134 0.027194 -0.094633 0.048174 -0.048834
0.039970 -0.026957 -0.003045 0.003978 0.019127 0.068916 -0.063372 -0.115588 -0.026706 0.005239
0.028053 -0.012001 -0.021500 -0.034462 0.005307 -0.070319 0.016434 -0.022449 0.050975 0.003613
0.032511 0.045542 0.024405 -0.009953 -0.012313 -0.049841 0.010283 -0.022647 0.027391 -0.015088
0.042581 -0.069341 0.010970 -0.027602 0.014476 -0.059840 0.009441 -0.013749 0.006420 -0.017599
0.025475 0.011983 -0.012025 -0.053470 -0.000912 -0.065694 -0.030856 -0.006990 0.071191 -0.034101
0.014201 0.079066 -0.034266 -0.029732 0.018641 -0.066316 -0.011811 -0.017943 0.010436 -0.030591
0.035548 0.015906 0.007077 -0.015393 -0.003836 -0.049081 -0.008508 -0.009446 0.040459 -0.018930
0.038352 -0.014417 0.035368 -0.013874 0.007935 -0.046777 0.007857 -0.023608 0.026087 -0.029156
0.039043 -0.031984 -0.005044 -0.025450 0.036410 -0.021140 0.007726 -0.085550 -0.070294 0.021295
0.031920 -0.003751 0.029235 -0.008727 0.024489 0.017885 -0.029306 -0.071839 -0.037541 -0.006616
0.033430 0.016566 0.009322 -0.005972 -0.005091 -0.034206 0.003079 -0.030313 0.038624 -0.052601
0.042682 -0.092877 0.031230 -0.047933 0.016295 -0.065228 -0.003738 0.001326 -0.022840 0.036845
0.036773 0.003846 0.012666 0.004010 0.017252 -0.047041 0.010806 -0.050083 0.005536 -0.000377
0.016637 0.054458 -0.068460 -0.021284 0.010305 -0.057344 -0.015636 -0.052427 0.044088 -0.037783
0.029847 0.024678 0.028274 0.014887 0.033431 -0.002381 0.003915 -0.059188 0.004369 -0.004786
0.030993 0.022805 0.023756 -0.004141 0.011229 -0.036158 0.003238 -0.049647 -0.001161 -0.015386
0.049669 -0.024990 0.100368 -0.000146 -0.000027 -0.069391 0.067650 0.030657 -0.001165 0.069713
0.028508 -0.011177 -0.020313 -0.036626 0.018669 -0.047957 -0.033547 0.023329 -0.028115 0.066230
0.032378 0.013270 0.012682 -0.012393 -0.003614 -0.046729 -0.016260 -0.032743 0.099156 -0.080644
0.023365 0.046397 -0.000511 -0.018269 0.019701 -0.066618 -0.013059 -0.002817 0.034228 -0.057794
0.033302 -0.003271 -0.010631 -0.006848 0.020400 -0.053510 0.035742 -0.008174 0.032979 -0.035857
0.037179 0.009951 0.056483 -0.008516 0.003712 -0.017969 -0.026874 -0.012006 0.006389 -0.016279
0.033751 -0.017845 0.028191 -0.026001 0.025030 -0.053756 -0.017231 0.013614 -0.030474 0.011443
0.030654 -0.016348 0.013333 -0.023563 0.024956 -0.057620 0.024889 -0.019040 -0.014579 -0.019156
0.026121 0.024531 0.021450 -0.007968 0.051380 -0.048567 0.064143 0.016738 -0.049089 -0.005984
0.074142 -0.012534 0.068296 -0.099537 -0.177814 -0.128828 0.366134 -0.278643 0.134292 -0.041482
0.029281 -0.014342 0.000102 -0.021326 -0.086178 0.014736 0.012609 -0.160074 -0.089574 0.048614
0.011751 0.052926 0.046482 -0.048647 0.045345 -0.059542 -0.001295 0.024531 -0.035862 -0.020291
0.013542 0.107267 0.006741 0.025772 0.069219 -0.042544 0.063490 -0.038322 -0.036266 0.027175
0.006719 0.059211 -0.023217 -0.026604 0.012907 -0.055461 -0.014902 0.009465 -0.038631 -0.005691
0.018918 0.045759 0.011116 -0.012308 0.000001 -0.065975 0.002059 0.047630 -0.018870 0.029258
0.019751 0.046461 0.038317 -0.012413 0.021385 -0.045766 -0.007335 0.035240 -0.064439 0.031961
-0.002957 -0.003758 -0.156375 -0.039193 0.046518 -0.043777 0.045305 -0.046372 -0.046466 -0.032529
0.025823 0.009190 0.041213 -0.000119 -0.003539 -0.067774 0.070054 0.060097 -0.089923 0.030238
0.052563 -0.059607 0.099035 0.016168 0.008225 -0.028459 -0.007727 0.051977 -0.032267 0.089911
0.113937 -0.021788 -0.199792 0.402788 -0.145698 -0.153758 -0.034561 0.069714 -0.208313 -0.334053
0.006995 0.006677 0.040805 -0.079387 0.031391 0.012736 -0.014401 0.048386 -0.058101 0.058382
0.014967 -0.013869 -0.028338 -0.053653 0.044236 -0.037931 -0.058502 0.040281 0.032766 -0.031676
0.039921 -0.000339 0.081088 0.022081 -0.019264 -0.022601 0.031918 0.095797 0.004314 0.019646
0.024938 -0.026940 -0.041019 -0.026757 -0.026219 -0.032474 -0.030851 0.014527 0.030358 -0.016084
0.010119 0.015831 -0.052921 -0.045748 0.000965 -0.055251 -0.074600 0.043264 0.043407 -0.044866
0.013729 0.076950 0.009551 -0.009380 0.044611 -0.074541 0.039107 0.050036 -0.011811 0.027004
0.010220 0.001385 -0.086400 -0.047440 0.051732 -0.017179 -0.050012 -0.037299 -0.015332 0.004908
0.024496 0.015204 -0.046413 -0.002363 0.039285 0.002925 -0.000207 -0.039802 -0.038900 -0.044210
0.016615 0.022403 -0.022987 -0.015492 0.053601 -0.020327 0.013128 0.010728 -0.044638 0.017237
0.022846 0.046114 0.033980 -0.001437 0.011385 -0.052791 0.019191 0.052775 -0.018913 0.007823
0.031914 -0.000933 0.000259 0.014257 0.026929 -0.030313 -0.004503 -0.001936 -0.010011 0.031563
0.009209 0.033931 0.011201 -0.032702 0.030900 -0.067676 0.027569 0.024607 -0.031050 -0.057178
0.033361 0.050246 0.094646 0.037268 -0.025021 -0.020041 0.080221 0.028612 0.002158 -0.012471
0.024768 -0.008852 -0.041006 -0.018443 -0.012792 -0.010432 -0.026857 -0.014937 0.063518 -0.101605
0.016006 0.028849 0.005408 -0.038740 0.007789 -0.072105 0.014262 0.095768 -0.018081 0.002841
0.037377 0.006466 0.038054 0.001862 -0.011270 -0.026915 -0.018310 0.036989 -0.003478 -0.004298
0.056546 -0.035951 0.058624 0.038143 -0.112784 0.070776 0.100929 -0.050046 -0.075258 -0.104795
0.028754 -0.013103 -0.006895 -0.031230 0.011276 -0.029514 0.039838 0.023526 0.039478 -0.063566
0.027614 -0.000362 0.016600 -0.125154 -0.463373 -0.033872 0.075182 -0.058363 -0.231580 -0.001308
0.034455 0.003104 0.049595 0.066063 0.158867 0.043989 -0.035332 0.020184 0.027401 -0.006949
0.034737 -0.017981 0.028629 0.036940 0.055120 0.036812 -0.031405 -0.019130 0.011735 -0.072977
0.009962 0.034794 -0.055245 -0.025358 -0.023401 0.002223 0.019691 0.112575 0.010482 -0.084822
0.033638 0.012562 0.038898 0.023904 0.040704 0.031682 -0.008264 -0.009157 -0.024372 -0.036602
0.041249 -0.068350 0.028703 -0.036755 -0.027360 -0.055431 0.002452 0.016872 0.012752 0.028168
-0.021946 0.221066 -0.016647 -0.123905 -0.481706 -0.036301 -0.060043 -0.098550 -0.202388 0.120667
0.020191 0.070052 0.031021 0.062827 0.198260 -0.018647 -0.002708 0.125375 0.004224 -0.012102
0.025425 0.012501 -0.015709 0.033969 0.077957 0.024901 -0.057686 0.005957 -0.076856 0.013108
0.024713 0.023058 -0.011402 0.026343 0.010034 0.001823 -0.042894 0.058335 -0.024521 -0.010998
0.034175 -0.046987 0.013695 -0.012827 0.003308 -0.017463 -0.049065 0.066091 -0.003312 -0.037037
0.019942 0.053717 0.005646 0.003421 0.003293 -0.020059 -0.002046 0.043462 -0.046398 0.019097
0.023869 -0.007269 -0.008174 -0.014507 0.022805 -0.042676 -0.037052 0.061057 -0.069456 0.010005
0.025730 -0.004366 -0.003121 -0.011695 0.008546 -0.025424 -0.001603 0.059740 -0.044700 -0.020292
0.010537 0.088609 -0.006009 0.000743 -0.013375 -0.006425 -0.069802 0.039932 -0.024925 -0.002035
0.029467 -0.018342 0.002461 -0.009868 0.015374 -0.024979 -0.017279 0.042406 -0.087534 0.043811
0.017862 0.117754 0.013952 0.030297 0.005844 -0.000300 -0.014449 0.021714 -0.025494 -0.000186
0.023167 -0.013905 -0.041270 -0.012529 0.012391 -0.036401 -0.034159 0.045792 -0.014792 -0.041533
0.019657 0.019390 0.005586 -0.021228 -0.010253 -0.065163 -0.029047 0.115916 -0.006703 0.002227
0.032168 0.001964 -0.006102 0.014720 0.017989 0.004135 0.028597 0.041061 -0.084106 0.128673
0.025549 0.006440 -0.012951 -0.006811 0.008311 -0.000183 -0.042121 0.074028 -0.044869 -0.001651
0.038350 -0.003541 0.025724 0.008422 -0.033473 -0.037537 -0.001648 0.062447 0.054342 -0.067266
0.034468 -0.033545 0.029153 -0.014111 -0.008654 -0.033764 0.000204 0.032370 -0.021558 -0.011422
0.027170 -0.029058 0.016983 -0.031709 0.001157 -0.025586 0.018233 0.056517 -0.058572 0.020212
0.025080 0.008385 0.014444 -0.007256 0.023943 -0.017795 0.005241 0.054586 -0.093838 0.019176
0.007810 0.153222 0.012192 0.042444 0.026968 -0.007017 0.040373 -0.006576 -0.058379 0.000282
0.029510 0.026769 0.034048 -0.018990 0.010641 -0.026278 -0.024730 0.054896 -0.015977 0.000999
0.022786 0.014983 -0.022734 -0.022592 -0.017197 -0.035689 -0.031372 0.045853 0.011140 -0.022860
0.037028 0.004112 0.058041 0.003788 -0.021873 -0.019892 0.027959 0.068623 -0.009421 -0.015531
0.036607 -0.051205 0.019210 -0.011049 0.015585 0.015918 -0.041354 -0.008736 -0.048569 0.003001
-0.004671 0.009664 -0.115890 -0.087720 0.032483 -0.034241 -0.085141 0.016387 -0.025137 -0.022870
0.039542 -0.018324 0.056374 0.001237 0.006186 -0.021871 0.029354 0.058876 -0.083686 0.041817
0.023562 0.007072 -0.009546 -0.032867 -0.008954 -0.066865 -0.012346 0.054088 0.007583 0.026612
0.023428 0.030509 0.008759 -0.028171 -0.033784 -0.046082 0.002700 0.047294 -0.013256 0.002532
0.014110 0.025385 -0.022378 -0.032682 -0.009582 -0.043569 -0.010478 0.058397 -0.024548 -0.017433
0.020962 0.008438 -0.007310 -0.034153 -0.002020 -0.036725 -0.023654 0.064709 -0.044032 0.051780
0.019391 0.011496 0.007710 -0.029135 -0.000467 -0.036391 -0.018238 0.061320 -0.026441 0.007571
0.027271 0.007405 -0.003193 0.016552 0.011828 0.002588 0.006885 0.016687 -0.038470 -0.015045
0.041508 0.063826 0.100586 0.063851 -0.008751 0.014769 0.102783 0.047032 -0.050396 0.018641
0.029502 -0.030249 -0.035729 -0.025221 -0.007246 -0.019302 -0.032991 0.030465 0.013531 -0.044935
0.025429 0.002684 -0.020649 -0.014858 -0.040299 -0.025607 0.007662 0.023518 -0.067852 0.002851
0.028528 0.018136 0.011965 0.004163 -0.019275 -0.027119 -0.011432 0.038274 0.022091 -0.036530
0.032004 -0.003722 0.007961 0.017462 0.004752 0.006136 -0.003816 -0.016151 -0.022464 -0.019202
0.009087 0.093772 -0.030351 0.018344 0.022143 -0.000008 0.011724 -0.005323 -0.036392 -0.024555
0.015039 0.034154 0.017418 -0.020656 -0.004252 -0.044757 -0.008623 0.050893 -0.037434 0.028264
0.014972 0.002896 -0.035797 -0.027604 -0.012419 -0.019837 -0.026692 0.021654 -0.066651 -0.004288
0.025103 -0.014018 -0.021822 0.000317 -0.007005 0.006966 0.007631 -0.014766 -0.030160 -0.000436
