1 1 2 3 4 1 2 3 2 3 2 1 1 2 3 4 1 1 2 1 3 4 2 1
4 5 6 2 3 1 5 6 7 4 3 2 1 4 6 7 4 4 2 1 2 4 5 6 
1 2 2 2 2 2 1 1 1 3 4 4 5 6 6 7 7 8 8 4 3 1 2 4
2 3 4 1 1 5 6 7 8 9 5 3 2 1 2 3 4 5 6 7 8 0 0 0 
1 2 3 1 1 2 3 5 6 7 8 4 4 3 4 12 1 2 4 5 6 7 8 9
100 1200 3000 123 123 12 13 1234 123 412 12 3 1 12 12 3 12 532 63 7 56 123 41 3  
4 5 6 2 3 1 5 6 7 4 3 2 1 4 6 7 4 4 2 1 2 4 5 6 
1 2 2 2 2 2 1 1 1 3 4 4 5 6 6 7 7 8 8 4 3 1 2 4
2 3 4 1 1 5 6 7 8 9 5 3 2 1 2 3 4 5 6 7 8 0 0 0 
1 2 3 1 1 2 3 5 6 7 8 4 4 3 4 12 1 2 4 5 6 7 8 9
100 1200 3000 123 123 12 13 1234 123 412 12 3 1 12 12 3 12 532 63 7 56 123 41 3  
4 5 6 2 3 1 5 6 7 4 3 2 1 4 6 7 4 4 2 1 2 4 5 6 
